0000000001001001
1100000011001100
0000000011001001
1100000010001100
0000000000001000
0001000000001000
0010000000001000
0011000000001000
0100000000001000
0111000001101000
1001000010001000
1010000000011000
0000000100001100	//Line: 12	0000001100
0000001110001001
0000001000001100
0000010000001001
0000010000001100
0000010010001001
0000100000001100
0000010100001001
0001000000001100
0000010110001001
0010000000001100
0000011000001001
0100000000001100
0000011010001001
1000000000001100
0000011100001001
0101000000011110
0101010110100100
0000011111001001
1111010100000011
0000110101001011
0100000000001100
0000100011001001
0010000000001100
0000100101001001
0001000000001100
0000100111001001
0000100000001100
0000101001001001
0000010000001100
0000101011001001
0000001000001100
0000101101001001
0000000100001100
0000101111001001
0101000001011110
0101010110100100
0000110010001001
1111010100000011
0000111000001011
0000001100001001
0101000110100010	//Line: 53	0000110101
0001010100000010
0000111010001001
0101001010100010	//Line: 56	0000111000
0010010100000010
1111000101110011	Line: 58	0000111010
0010011001001010	//a mano
1111001001110011
0010011001001010	//a mano
0000000000111001
0101000000001000
1111000101010011
0001000100001011
1100000010001100
0001101100001001
0101000000011000
1111000101010011
0001001001001011
1111100110001100
0001101100001001
0101000000101000
1111000101010011
0001001110001011
1010010010001100
0001101100001001
0101000000111000
1111000101010011
0001010011001011
1011000010001100
0001101100001001
0101000001001000
1111000101010011
0001011000001011
1001100110001100
0001101100001001
0101000001011000
1111000101010011
0001011101001011
1001001010001100
0001101100001001
0101000001101000
1111000101010011
0001100010001011
1000001010001100
0001101100001001
0101000001111000
1111000101010011
0001100111001011
1111100010001100
0001101100001001
0101000010001000
1111000101010011
0001101100001011
1000000010001100
0001101100001001
0101000000001000	//Line: 108	0001101100
1111001001010011
0001110001001011
1100000011001100
0000001100001001
0101000000011000
1111001001010011
0001110110001011
1111100111001100
0000001100001001
0101000000101000
1111001001010011
0001111011001011
1010010011001100
0000001100001001
0101000000111000
1111001001010011
0010000000001011
1011000011001100
0000001100001001
0101000001001000
1111001001010011
0010000101001011
1001100111001100
0000001100001001
0101000001011000
1111001001010011
0010001010001011
1001001011001100
0000001100001001
0101000001101000
1111001001010011
0010001111001011
1000001011001100
0000001100001001
0101000001111000
1111001001010011
0010010100001011
1111100011001100
0000001100001001
0101000010001000
1111001001010011
0010011010001011
1000000011001100
0000001100001001
1000111011001100
0010011011001001
1111100110001100
0010011101001001
1111111100001100
0010011111001001
0000000000001100
0010100001001001
1111111100001100
0010100011001001
0000000000001100
0010100101001001
1111111100001100
0010100111001001
0000000000001100
0010101001001001
1111111100001100
0010101010001001